{"customerId": 167, "orderId": 7, "basket": [628], "isDeletion": false}