{"customerId": 7270, "orderId": 3, "basket": [2850], "isDeletion": false}