{"customerId": 9267, "orderId": 2, "basket": [9], "isDeletion": false}