{"customerId": 3363, "orderId": 14, "basket": [2752, 320, 337, 4850, 2554, 1290, 1966, 4002, 547], "isDeletion": false}