{"customerId": 9389, "orderId": 1, "basket": [3315, 10], "isDeletion": false}