{"customerId": 527, "orderId": 8, "basket": [148, 8213], "isDeletion": false}