{"customerId": 9911, "orderId": 18, "basket": [5185], "isDeletion": false}