{"customerId": 7926, "orderId": 12, "basket": [10164], "isDeletion": false}