{"customerId": 5418, "orderId": 4, "basket": [798, 196, 5736, 3521, 5198], "isDeletion": false}