{"customerId": 3537, "orderId": 3, "basket": [9881], "isDeletion": false}