{"customerId": 4390, "orderId": 5, "basket": [798], "isDeletion": false}