{"customerId": 7943, "orderId": 5, "basket": [3159], "isDeletion": false}